# TESTNET

OPERATOR_ACCOUNT_ID = 0.0.3885316
OPERATOR_PUBLIC_KEY = 302a300506032b6570032100055c07a636ee6488252c99afdd0516663b3a9d5bafb2eeb03db2cec0d16a2976
OPERATOR_PRIVATE_KEY = 302e020100300506032b6570042204204f91e0cfcfd0ed0430e6f531dceb94216592006d5f319d3a3a85c822d7791320

#-----------------------------------------FIRST_ACCOUNT----------------------------------------------------

FIRST_ACCOUNT_ID = 0.0.4037313
FIRST_PUBLIC_KEY = 302a300506032b6570032100b7e204006c817387320660dad7b2c6e5a5813e02f7c3fa61018226c281270a5e
FIRST_PRIVATE_KEY = 302e020100300506032b6570042204202226e26d2ded007e5f0325c232b769b4de1318ef4619b4fff59affae9abda581

# -----------------------------------------SECOND_ACCOUNT--------------------------------------------------

SECOND_ACCOUNT_ID = 0.0.4037314
SECOND_PUBLIC_KEY = 302a300506032b6570032100d8478932fb6a9e7d1a1d3392da9b7d32190b0fd8da78da0c199cdac9e422792c
SECOND_PRIVATE_KEY = 302e020100300506032b657004220420b2b3ee62383f2c1fd1032a52a14de5d017252a07190b4945a589096bfe01b495

# ------------------------------------------THIRD_ACCOUNT------------------------------------------------

   
THIRD_ACCOUNT_ID = 0.0.4037316
THIRD_PUBLIC_KEY = 302a300506032b657003210021e4d1e113f081cfe561e0d2839d9b17867eed125626543825cd388096e9dcfd
THIRD_PRIVATE_KEY = 302e020100300506032b6570042204202a44a5b5d384335496a55455b58ddf2e488fc0c8c7a1e98ef0010d9a113c866a
# -------------------------------------------FOURTH_ACCOUNT------------------------------------------------

FOURTH_ACCOUNT_ID = 0.0.4037317
FOURTH_PUBLIC_KEY = 302a300506032b6570032100bd0ec0298decdf51d58085bbc91dd88b91b0d098c47e855586703295adfeed66
FOURTH_PRIVATE_KEY = 302e020100300506032b6570042204207aa02f4cd860a418bd51c204440f267fc2c36b004b82d6ed22f261823e77de0d
#--------------------------------Account4 Info------------------------------
ACCOUNT_ID4 = 0.0.4010625
ACCOUNT_ID4_PVKEY = 302e020100300506032b657004220420f3b0f9c67f0ee3bc2cefe7eb6f81c93931ba522077f3f5e4efd78d188f0d56fa
ACCOUNT_ID4_PBKEY = 302a300506032b6570032100589fc3cba30c97554240f6912aa441d71ca4243203fbf98fd2405c79af7588bb

   
#--------------------------------Account5 Info------------------------------
ACCOUNT_ID5 = 0.0.4010626
ACCOUNT_ID5_PVKEY = 302e020100300506032b657004220420d3a179f727d4699513c1219d1cbc031cf3da1ba7b000af05747630ba636b1762
ACCOUNT_ID5_PBKEY = 302a300506032b65700321005cdeff25e9745d9054e281f51368f437df70e0b07cf7aa5e2c03def2aeae687f


EscrowContractId=0.0.15001450
EscrowContractAddress=0000000000000000000000000000000000e4e76a